DateTime,Entries,UniqueIPs
1446326503,20,20
1446327380,20,20
1446686386,20,20
1446773942,20,20
1447210877,20,20
1447298340,20,20
1447735115,20,20
1448871539,20,20
1448959022,20,20
1449133825,20,20
1449308213,20,20
1449658006,20,20
1449745193,20,20
1449832204,20,20
1450006694,20,20
1450356339,20,20
1450968357,20,20
1451055677,20,20
1451146742,20,20
1451234207,20,20
1451321699,20,20
1451409002,20,20
1451584054,20,20
1451847598,20,20
1451935189,20,20
1452022657,20,20
1452110079,20,20
1452634645,20,20
1452809459,20,20
1453160669,20,20
1453247920,20,20
1453334925,20,20
1453422046,20,20
1453509166,20,20
1453596257,20,20
1453683381,20,20
1453770510,20,20
1453857637,20,20
1454293224,20,20
1454380357,20,20
1454554574,20,20
1454641709,20,20
1454728820,20,20
1457516869,20,20
1458301228,20,20
1458388357,20,20
1459172438,20,20
1459259557,20,20
1459346700,20,20
1459434077,20,20
1459956774,20,20
1460915085,20,20
1461351149,20,20
1461438266,20,20
1461786767,20,20
1462048104,20,20
1463267823,20,20
1463877863,20,20
1464487725,20,20
1464574829,20,20
1465968992,20,20
1466056113,20,20
1466927306,20,20
1467014473,20,20
1467101554,20,20
1467624255,20,20
1467711383,20,20
1468844219,20,20
1469105567,20,20
1469454032,20,20
1469802523,20,20
1470063870,20,20
1470238119,20,20
1470586591,20,20
1471022211,20,20
1471109303,20,20
1471196445,20,20
1471283559,20,20
1471457806,20,20
1471544916,20,20
1471632029,20,20
1471719158,20,20
1471980531,20,20
1472242132,20,20
1472329253,20,20
1472416364,20,20
1472590607,20,20
1472677734,20,20
1473026206,20,20
1473200437,20,20
1473548912,20,20
1473636040,20,20
1473810263,20,20
1474071636,20,20
1474332986,20,20
1474420125,20,20
1474768615,20,20
1474855722,20,20
1475291361,20,20
1475465556,20,20
1475726917,20,20
1476336794,20,20
1476423856,20,20
1476685216,20,20
1476859464,20,20
1476946609,20,20
1477033707,20,20
1477295051,20,20
1478079391,20,20
1478253671,20,20
1478340751,20,20
1478776348,20,20
1478863456,20,20
1478950596,20,20
1479037698,20,20
1479560484,20,20
1479647540,20,20
1479908951,20,20
1480170257,20,20
1480344496,20,20
1480518738,20,20
1480605852,20,20
1480780109,20,20
1481129346,20,20
1481303561,20,20
1481826269,20,20
1482087685,20,20
1482436107,20,20
1482697496,20,20
1482871727,20,20
1482958887,20,20
1483045962,20,20
1483394520,20,20
1483568690,20,20
1483655818,20,20
1483742911,20,20
1484004509,20,20
1484091655,20,20
1484178752,20,20
1484440122,20,20
1484614384,20,20
1484701740,20,20
1484789084,20,20
1485137834,20,20
1485312061,20,20
1485486191,20,20
1485747967,20,20
1485922238,20,20
1486009372,20,20
1486096464,20,20
1486183571,20,20
1486444954,20,20
1486619522,20,20
1486706770,20,20
1486925076,20,20
1487012197,20,20
1487186434,20,20
1487273559,20,20
1487360679,20,20
1487447805,20,20
1487534899,20,20
1487622046,20,20
1487709151,20,20
1487796267,20,20
1487883718,20,20
1488057861,20,20
1488145001,20,20
1488232113,20,20
1488406859,20,20
1488581071,20,20
1488842424,20,20
1489016671,20,20
1489103797,20,20
1489452250,20,20
1489539393,20,20
1489713617,20,20
1489800793,20,20
1489974975,20,20
1490236349,20,20
1490497707,20,20
1490671951,20,20
1490933320,20,20
1491020441,20,20
1491281778,20,20
1491368916,20,20
1491456033,20,20
1491543168,20,20
1491630256,20,20
1491891641,20,20
1492152995,20,20
1492240101,20,20
1492501463,20,20
1492588595,20,20
1492675703,20,20
1492849974,20,20
1492937072,20,20
1493024208,20,20
1493111422,20,20
1493198681,20,20
1493285827,20,20
1493372953,20,20
1493634520,20,20
1494070177,20,20
1494244346,20,20
1494331348,20,20
1494505727,20,20
1494592811,20,20
1494680192,20,20
1494941571,20,20
1495028674,20,20
1495115785,20,20
1495290025,20,20
1495377163,20,20
1495551397,20,20
1495638512,20,20
1495725618,20,20
1495812754,20,20
1495899864,20,20
1495987380,20,20
1496074846,20,20
1496161950,20,20
1496337706,20,20
1496512188,20,20
1496599311,20,20
1496686352,20,20
1496773449,20,20
1496947698,20,20
1497034911,20,20
1497121958,20,20
1497296448,20,20
1497383555,20,20
1497558032,20,20
1497645158,20,20
1497819379,20,20
1497993637,20,20
1498080749,20,20
1498167847,20,20
1498342119,20,20
1498516382,20,20
1498690597,20,20
1498864847,20,20
1498951941,20,20
1499213555,20,20
1499300662,20,20
1499387769,20,20
1499474922,20,20
1499562078,20,20
1499649146,20,20
1499736277,20,20
1499823642,20,20
1499910742,20,20
1500346336,20,20
1500607715,20,20
1500781934,20,20
1500869071,20,20
1501043316,20,20
1501479167,20,20
1501566271,20,20
1501653391,20,20
1501740779,20,20
1501827892,20,20
1501914987,20,20
1502176636,20,20
1502351079,20,20
1502873781,20,20
1502961178,20,20
1503135647,20,20
1503222742,20,20
1503310130,20,20
1503484344,20,20
1503571460,20,20
1503745729,20,20
1503833080,20,20
1504007561,20,20
1504094677,20,20
1504182048,20,20
1504269162,20,20
1504530507,20,20
1504704753,20,20
1504878984,20,20
1504966112,20,20
1505053222,20,20
1505401691,20,20
1505575960,20,20
1505837547,20,20
1506099157,20,20
1506186296,20,20
1506534991,20,20
1506709716,20,20
1506883945,20,20
1506971074,20,20
1507145296,20,20
1507232680,20,20
1507319787,20,20
1507668499,20,20
1507930112,20,20
1508104851,20,20
1508191933,20,20
1508540417,20,20
1508627804,20,20
1508802044,20,20
1508976486,20,20
1509063888,20,20
1509150967,20,20
1509238225,20,20
1509499700,20,20
1509674216,20,20
1509848451,20,20
1509935575,20,20
1510197164,20,20
1510371871,20,20
1510458993,20,20
1510546356,20,20
1511069078,20,20
1511156196,20,20
1511417566,20,20
1511679158,20,20
1511766276,20,20
1511853415,20,20
1512464489,20,20
1512551558,20,20
1512638685,20,20
1512812991,20,20
1512900104,20,20
1512987226,20,20
1513074589,20,20
1513161708,20,20
1513249572,20,20
1513423768,20,20
1513511155,20,20
1513685496,20,20
1514121248,20,20
1514208596,20,20
1514382818,20,20
1514818586,20,20
1514905701,20,20
1515080260,20,20
1515254681,20,20
1515428909,20,20
1515516020,20,20
1515603398,20,20
1515777631,20,20
1515952124,20,20
1516126344,20,20
1516300822,20,20
1516387955,20,20
1516737165,20,20
1516824280,20,20
1517085851,20,20
1517173269,20,20
1517260338,20,20
1517347460,20,20
1517434833,20,20
1517783317,20,20
1518045144,20,20
1518219639,20,20
1518307255,20,20
1518481698,20,20
1518656179,20,20
1518830680,20,20
1519004921,20,20
1519353617,20,20
1519440749,20,20
1519527866,20,20
1519614990,20,20
1519702105,20,20
1519876576,20,20
1519963706,20,20
1520225060,20,20
1520573790,20,20
1520748053,20,20
1520922266,20,20
1521009376,20,20
1521096739,20,20
1521271234,20,20
1521358357,20,20
